1 1.0 1.0
2 0.879310344828 1.13725490196
3 0.815789473684 1.22580645161
4 0.776595744681 1.28767123288
5 0.75 1.33333333333
6 0.730769230769 1.36842105263
7 0.716216216216 1.39622641509
8 0.704819277108 1.4188034188
9 0.695652173913 1.4375
10 0.688118811881 1.45323741007
11 0.681818181818 1.46666666667
12 0.676470588235 1.47826086957
13 0.671875 1.48837209302
14 0.667883211679 1.49726775956
15 0.664383561644 1.50515463918
16 0.661290322581 1.51219512195
17 0.658536585366 1.51851851852
18 0.656069364162 1.52422907489
19 0.653846153846 1.52941176471
20 0.651832460733 1.53413654618
21 0.65 1.53846153846
22 0.648325358852 1.54243542435
23 0.646788990826 1.54609929078
24 0.645374449339 1.54948805461
25 0.64406779661 1.55263157895
26 0.642857142857 1.55555555556
27 0.641732283465 1.55828220859
28 0.640684410646 1.56083086053
29 0.639705882353 1.5632183908
30 0.638790035587 1.56545961003