1 0.666666666667
2 0.781609195402
3 0.862745098039
4 0.923076923077
5 0.969696969697
6 1.00680272109
7 1.03703703704
8 1.06214689266
9 1.08333333333
10 1.10144927536
11 1.11711711712
12 1.13080168776
13 1.14285714286
14 1.15355805243
15 1.16312056738
16 1.17171717172
17 1.17948717949
18 1.18654434251
19 1.19298245614
20 1.19887955182
21 1.20430107527
22 1.20930232558
23 1.21393034826
24 1.21822541966
25 1.22222222222
26 1.225950783
27 1.22943722944
28 1.23270440252
29 1.23577235772
30 1.23865877712